49
27
6d
20
62
61
63
6b
20
61
6e
64
20
49
27
6d
20
72
69
6e
67
69
6e
27
20
74
68
65
20
62
65
6c
6c
20
0a
41
20
72
6f
63
6b
69
6e
27
20
6f
6e
20
74
68
65
20
6d
69
6b
65
20
77
68
69
6c
65
20
74
68
65
20
66
6c
79
20
67
69
72
6c
73
20
79
65
6c
6c
20
0a
49
6e
20
65
63
73
74
61
73
79
20
69
6e
20
74
68
65
20
62
61
63
6b
20
6f
66
20
6d
65
20
0a
57
65
6c
6c
20
74
68
61
74
27
73
20
6d
79
20
44
4a
20
44
65
73
68
61
79
20
63
75
74
74
69
6e
27
20
61
6c
6c
20
74
68
65
6d
20
5a
27
73
20
0a
48
69
74
74
69
6e
27
20
68
61
72
64
20
61
6e
64
20
74
68
65
20
67
69
72
6c
69
65
73
20
67
6f
69
6e
27
20
63
72
61
7a
79
20
0a
56
61
6e
69
6c
6c
61
27
73
20
6f
6e
20
74
68
65
20
6d
69
6b
65
2c
20
6d
61
6e
20
49
27
6d
20
6e
6f
74
20
6c
61
7a
79
2e
20
0a
0a
49
27
6d
20
6c
65
74
74
69
6e
27
20
6d
79
20
64
72
75
67
20
6b
69
63
6b
20
69
6e
20
0a
49
74
20
63
6f
6e
74
72
6f
6c
73
20
6d
79
20
6d
6f
75
74
68
20
61
6e
64
20
49
20
62
65
67
69
6e
20
0a
54
6f
20
6a
75
73
74
20
6c
65
74
20
69
74
20
66
6c
6f
77
2c
20
6c
65
74
20
6d
79
20
63
6f
6e
63
65
70
74
73
20
67
6f
20
0a
4d
79
20
70
6f
73
73
65
27
73
20
74
6f
20
74
68
65
20
73
69
64
65
20
79
65
6c
6c
69
6e
27
2c
20
47
6f
20
56
61
6e
69
6c
6c
61
20
47
6f
21
20
0a
0a
53
6d
6f
6f
74
68
20
27
63
61
75
73
65
20
74
68
61
74
27
73
20
74
68
65
20
77
61
79
20
49
20
77
69
6c
6c
20
62
65
20
0a
41
6e
64
20
69
66
20
79
6f
75
20
64
6f
6e
27
74
20
67
69
76
65
20
61
20
64
61
6d
6e
2c
20
74
68
65
6e
20
0a
57
68
79
20
79
6f
75
20
73
74
61
72
69
6e
27
20
61
74
20
6d
65
20
0a
53
6f
20
67
65
74
20
6f
66
66
20
27
63
61
75
73
65
20
49
20
63
6f
6e
74
72
6f
6c
20
74
68
65
20
73
74
61
67
65
20
0a
54
68
65
72
65
27
73
20
6e
6f
20
64
69
73
73
69
6e
27
20
61
6c
6c
6f
77
65
64
20
0a
49
27
6d
20
69
6e
20
6d
79
20
6f
77
6e
20
70
68
61
73
65
20
0a
54
68
65
20
67
69
72
6c
69
65
73
20
73
61
20
79
20
74
68
65
79
20
6c
6f
76
65
20
6d
65
20
61
6e
64
20
74
68
61
74
20
69
73
20
6f
6b
20
0a
41
6e
64
20
49
20
63
61
6e
20
64
61
6e
63
65
20
62
65
74
74
65
72
20
74
68
61
6e
20
61
6e
79
20
6b
69
64
20
6e
27
20
70
6c
61
79
20
0a
0a
53
74
61
67
65
20
32
20
2d
2d
20
59
65
61
20
74
68
65
20
6f
6e
65
20
79
61
27
20
77
61
6e
6e
61
20
6c
69
73
74
65
6e
20
74
6f
20
0a
49
74
27
73
20
6f
66
66
20
6d
79
20
68
65
61
64
20
73
6f
20
6c
65
74
20
74
68
65
20
62
65
61
74
20
70
6c
61
79
20
74
68
72
6f
75
67
68
20
0a
53
6f
20
49
20
63
61
6e
20
66
75
6e
6b
20
69
74
20
75
70
20
61
6e
64
20
6d
61
6b
65
20
69
74
20
73
6f
75
6e
64
20
67
6f
6f
64
20
0a
31
2d
32
2d
33
20
59
6f
20
2d
2d
20
4b
6e
6f
63
6b
20
6f
6e
20
73
6f
6d
65
20
77
6f
6f
64
20
0a
46
6f
72
20
67
6f
6f
64
20
6c
75
63
6b
2c
20
49
20
6c
69
6b
65
20
6d
79
20
72
68
79
6d
65
73
20
61
74
72
6f
63
69
6f
75
73
20
0a
53
75
70
65
72
63
61
6c
61
66
72
61
67
69
6c
69
73
74
69
63
65
78
70
69
61
6c
69
64
6f
63
69
6f
75
73
20
0a
49
27
6d
20
61
6e
20
65
66
66
65
63
74
20
61
6e
64
20
74
68
61
74
20
79
6f
75
20
63
61
6e
20
62
65
74
20
0a
49
20
63
61
6e
20
74
61
6b
65
20
61
20
66
6c
79
20
67
69
72
6c
20
61
6e
64
20
6d
61
6b
65
20
68
65
72
20
77
65
74
2e
20
0a
0a
49
27
6d
20
6c
69
6b
65
20
53
61
6d
73
6f
6e
20
2d
2d
20
53
61
6d
73
6f
6e
20
74
6f
20
44
65
6c
69
6c
61
68
20
0a
54
68
65
72
65
27
73
20
6e
6f
20
64
65
6e
79
69
6e
27
2c
20
59
6f
75
20
63
61
6e
20
74
72
79
20
74
6f
20
68
61
6e
67
20
0a
42
75
74
20
79
6f
75
27
6c
6c
20
6b
65
65
70
20
74
72
79
69
6e
27
20
74
6f
20
67
65
74
20
6d
79
20
73
74
79
6c
65
20
0a
4f
76
65
72
20
61
6e
64
20
6f
76
65
72
2c
20
70
72
61
63
74
69
63
65
20
6d
61
6b
65
73
20
70
65
72
66
65
63
74
20
0a
42
75
74
20
6e
6f
74
20
69
66
20
79
6f
75
27
72
65
20
61
20
6c
6f
61
66
65
72
2e
20
0a
0a
59
6f
75
27
6c
6c
20
67
65
74
20
6e
6f
77
68
65
72
65
2c
20
6e
6f
20
70
6c
61
63
65
2c
20
6e
6f
20
74
69
6d
65
2c
20
6e
6f
20
67
69
72
6c
73
20
0a
53
6f
6f
6e
20
2d
2d
20
4f
68
20
6d
79
20
47
6f
64
2c
20
68
6f
6d
65
62
6f
64
79
2c
20
79
6f
75
20
70
72
6f
62
61
62
6c
79
20
65
61
74
20
0a
53
70
61
67
68
65
74
74
69
20
77
69
74
68
20
61
20
73
70
6f
6f
6e
21
20
43
6f
6d
65
20
6f
6e
20
61
6e
64
20
73
61
79
20
69
74
21
20
0a
0a
56
49
50
2e
20
56
61
6e
69
6c
6c
61
20
49
63
65
20
79
65
70
2c
20
79
65
70
2c
20
49
27
6d
20
63
6f
6d
69
6e
27
20
68
61
72
64
20
6c
69
6b
65
20
61
20
72
68
69
6e
6f
20
0a
49
6e
74
6f
78
69
63
61
74
69
6e
67
20
73
6f
20
79
6f
75
20
73
74
61
67
67
65
72
20
6c
69
6b
65
20
61
20
77
69
6e
6f
20
0a
53
6f
20
70
75
6e
6b
73
20
73
74
6f
70
20
74
72
79
69
6e
67
20
61
6e
64
20
67
69
72
6c
20
73
74
6f
70
20
63
72
79
69
6e
27
20
0a
56
61
6e
69
6c
6c
61
20
49
63
65
20
69
73
20
73
65
6c
6c
69
6e
27
20
61
6e
64
20
79
6f
75
20
70
65
6f
70
6c
65
20
61
72
65
20
62
75
79
69
6e
27
20
0a
27
43
61
75
73
65
20
77
68
79
20
74
68
65
20
66
72
65
61
6b
73
20
61
72
65
20
6a
6f
63
6b
69
6e
27
20
6c
69
6b
65
20
43
72
61
7a
79
20
47
6c
75
65
20
0a
4d
6f
76
69
6e
27
20
61
6e
64
20
67
72
6f
6f
76
69
6e
27
20
74
72
79
69
6e
67
20
74
6f
20
73
69
6e
67
20
61
6c
6f
6e
67
20
0a
41
6c
6c
20
74
68
72
6f
75
67
68
20
74
68
65
20
67
68
65
74
74
6f
20
67
72
6f
6f
76
69
6e
27
20
74
68
69
73
20
68
65
72
65
20
73
6f
6e
67
20
0a
4e
6f
77
20
79
6f
75
27
72
65
20
61
6d
61
7a
65
64
20
62
79
20
74
68
65
20
56
49
50
20
70
6f
73
73
65
2e
20
0a
0a
53
74
65
70
70
69
6e
27
20
73
6f
20
68
61
72
64
20
6c
69
6b
65
20
61
20
47
65
72
6d
61
6e
20
4e
61
7a
69
20
0a
53
74
61
72
74
6c
65
64
20
62
79
20
74
68
65
20
62
61
73
65
73
20
68
69
74
74
69
6e
27
20
67
72
6f
75
6e
64
20
0a
54
68
65
72
65
27
73
20
6e
6f
20
74
72
69
70
70
69
6e
27
20
6f
6e
20
6d
69
6e
65
2c
20
49
27
6d
20
6a
75
73
74
20
67
65
74
74
69
6e
27
20
64
6f
77
6e
20
0a
53
70
61
72
6b
61
6d
61
74
69
63
2c
20
49
27
6d
20
68
61
6e
67
69
6e
27
20
74
69
67
68
74
20
6c
69
6b
65
20
61
20
66
61
6e
61
74
69
63
20
0a
59
6f
75
20
74
72
61
70
70
65
64
20
6d
65
20
6f
6e
63
65
20
61
6e
64
20
49
20
74
68
6f
75
67
68
74
20
74
68
61
74
20
0a
59
6f
75
20
6d
69
67
68
74
20
68
61
76
65
20
69
74
20
0a
53
6f
20
73
74
65
70
20
64
6f
77
6e
20
61
6e
64
20
6c
65
6e
64
20
6d
65
20
79
6f
75
72
20
65
61
72
20
0a
27
38
39
20
69
6e
20
6d
79
20
74
69
6d
65
21
20
59
6f
75
2c
20
27
39
30
20
69
73
20
6d
79
20
79
65
61
72
2e
20
0a
0a
59
6f
75
27
72
65
20
77
65
61
6b
65
6e
69
6e
27
20
66
61
73
74
2c
20
59
4f
21
20
61
6e
64
20
49
20
63
61
6e
20
74
65
6c
6c
20
69
74
20
0a
59
6f
75
72
20
62
6f
64
79
27
73
20
67
65
74
74
69
6e
27
20
68
6f
74
2c
20
73
6f
2c
20
73
6f
20
49
20
63
61
6e
20
73
6d
65
6c
6c
20
69
74
20
0a
53
6f
20
64
6f
6e
27
74
20
62
65
20
6d
61
64
20
61
6e
64
20
64
6f
6e
27
74
20
62
65
20
73
61
64
20
0a
27
43
61
75
73
65
20
74
68
65
20
6c
79
72
69
63
73
20
62
65
6c
6f
6e
67
20
74
6f
20
49
43
45
2c
20
59
6f
75
20
63
61
6e
20
63
61
6c
6c
20
6d
65
20
44
61
64
20
0a
59
6f
75
27
72
65
20
70
69
74
63
68
69
6e
27
20
61
20
66
69
74
2c
20
73
6f
20
73
74
65
70
20
62
61
63
6b
20
61
6e
64
20
65
6e
64
75
72
65
20
0a
4c
65
74
20
74
68
65
20
77
69
74
63
68
20
64
6f
63
74
6f
72
2c
20
49
63
65
2c
20
64
6f
20
74
68
65
20
64
61
6e
63
65
20
74
6f
20
63
75
72
65
20
0a
53
6f
20
63
6f
6d
65
20
75
70
20
63
6c
6f
73
65
20
61
6e
64
20
64
6f
6e
27
74
20
62
65
20
73
71
75
61
72
65
20
0a
59
6f
75
20
77
61
6e
6e
61
20
62
61
74
74
6c
65
20
6d
65
20
2d
2d
20
41
6e
79
74
69
6d
65
2c
20
61
6e
79
77
68
65
72
65
20
0a
0a
59
6f
75
20
74
68
6f
75
67
68
74
20
74
68
61
74
20
49
20
77
61
73
20
77
65
61
6b
2c
20
42
6f
79
2c
20
79
6f
75
27
72
65
20
64
65
61
64
20
77
72
6f
6e
67
20
0a
53
6f
20
63
6f
6d
65
20
6f
6e
2c
20
65
76
65
72
79
62
6f
64
79
20
61
6e
64
20
73
69
6e
67
20
74
68
69
73
20
73
6f
6e
67
20
0a
0a
53
61
79
20
2d
2d
20
50
6c
61
79
20
74
68
61
74
20
66
75
6e
6b
79
20
6d
75
73
69
63
20
53
61
79
2c
20
67
6f
20
77
68
69
74
65
20
62
6f
79
2c
20
67
6f
20
77
68
69
74
65
20
62
6f
79
20
67
6f
20
0a
70
6c
61
79
20
74
68
61
74
20
66
75
6e
6b
79
20
6d
75
73
69
63
20
47
6f
20
77
68
69
74
65
20
62
6f
79
2c
20
67
6f
20
77
68
69
74
65
20
62
6f
79
2c
20
67
6f
20
0a
4c
61
79
20
64
6f
77
6e
20
61
6e
64
20
62
6f
6f
67
69
65
20
61
6e
64
20
70
6c
61
79
20
74
68
61
74
20
66
75
6e
6b
79
20
6d
75
73
69
63
20
74
69
6c
6c
20
79
6f
75
20
64
69
65
2e
20
0a
0a
50
6c
61
79
20
74
68
61
74
20
66
75
6e
6b
79
20
6d
75
73
69
63
20
43
6f
6d
65
20
6f
6e
2c
20
43
6f
6d
65
20
6f
6e
2c
20
6c
65
74
20
6d
65
20
68
65
61
72
20
0a
50
6c
61
79
20
74
68
61
74
20
66
75
6e
6b
79
20
6d
75
73
69
63
20
77
68
69
74
65
20
62
6f
79
20
79
6f
75
20
73
61
79
20
69
74
2c
20
73
61
79
20
69
74
20
0a
50
6c
61
79
20
74
68
61
74
20
66
75
6e
6b
79
20
6d
75
73
69
63
20
41
20
6c
69
74
74
6c
65
20
6c
6f
75
64
65
72
20
6e
6f
77
20
0a
50
6c
61
79
20
74
68
61
74
20
66
75
6e
6b
79
20
6d
75
73
69
63
2c
20
77
68
69
74
65
20
62
6f
79
20
43
6f
6d
65
20
6f
6e
2c
20
43
6f
6d
65
20
6f
6e
2c
20
43
6f
6d
65
20
6f
6e
20
0a
50
6c
61
79
20
74
68
61
74
20
66
75
6e
6b
79
20
6d
75
73
69
63
20
0a
